4.125000
4.166667
4.125000
4.166667
4.166667
4.125000
4.000000
4.125000
4.125000
4.125000
4.250000
4.250000
4.750000
4.250000
4.916667
4.166667
4.250000
4.250000
4.166667
3.750000
3.750000
3.803571
4.000000
3.803571
3.803571
4.000000
4.000000
4.000000
4.000000
3.803571
4.166667
4.500000
4.500000
4.500000
4.500000
4.450000
4.450000
4.541667
4.450000
4.500000
4.541667
4.541667
4.569445
4.500000
4.166667
4.250000
4.250000
4.250000
4.250000
4.250000
4.250000
4.166667
4.125000
4.250000
4.250000
4.250000
4.125000
4.250000
4.166667
4.000000
4.000000
4.000000
4.125000
4.000000
4.000000
4.000000
4.000000
4.450000
4.125000
4.000000
4.000000
4.000000
4.000000
4.000000
4.000000
6.083333
5.500000
4.500000
4.500000
4.500000
6.250000
4.500000
6.875000
6.250000
6.513158
6.083333
5.250000
6.500000
5.250000
5.250000
5.250000
6.666667
6.250000
6.513158
5.750000
6.875000
5.750000
7.375000
5.750000
7.500000
6.000000
6.666667
7.187500
6.500000
6.500000
6.500000
6.500000
9.375000
7.875000
7.666667
7.150000
7.000000
7.375000
7.375000
7.500000
7.250000
7.625000
6.833333
6.729167
6.500000
7.500000
8.125000
7.500000
9.333333
7.500000
6.916667
6.308824
7.625000
6.312500
8.187500
7.625000
7.750000
7.750000
7.312500
6.583333
6.700000
7.625000
6.312500
7.750000
7.750000
9.250000
8.125000
7.375000
6.675000
7.750000
6.500000
7.750000
7.750000
7.750000
7.625000
7.187500
6.846154
7.750000
7.375000
7.375000
7.500000
7.750000
7.666667
6.833333
7.250000
8.000000
6.250000
8.000000
8.000000
8.000000
8.000000
6.250000
6.513158
8.000000
6.875000
8.000000
8.000000
8.000000
8.000000
8.000000
7.000000
8.000000
8.125000
8.125000
8.000000
7.500000
7.312500
7.000000
6.700000
8.125000
7.083333
8.250000
8.500000
8.500000
8.000000
8.000000
6.666667
7.375000
8.125000
7.083333
8.250000
8.250000
8.250000
8.250000
8.250000
8.250000
8.125000
8.250000
8.250000
8.250000
8.250000
9.333333
7.312500
8.166667
8.166667
8.500000
8.500000
8.250000
8.500000
10.333333
8.625000
8.500000
8.125000
8.500000
8.500000
8.750000
8.750000
9.000000
9.000000
8.625000
7.500000
8.750000
8.125000
8.750000
8.750000
8.750000
9.000000
9.083333
9.083333
9.000000
7.375000
8.500000
8.500000
9.000000
9.000000
9.000000
7.500000
9.000000
9.333333
9.333333
9.083333
9.250000
6.875000
9.250000
9.250000
9.250000
7.875000
9.000000
9.000000
9.000000
9.166667
9.166667
8.222222
8.250000
8.222222
8.250000
8.250000
8.250000
8.250000
8.222222
7.562500
7.562500
8.100000
7.562500
8.100000
8.100000
8.100000
8.100000
7.562500
7.319445
7.319445
7.325000
7.325000
7.325000
7.325000
7.250000
7.250000
7.250000
7.250000
6.846154
6.846154
7.250000
7.250000
6.840909
6.840909
7.250000
6.840909
7.250000
7.250000
7.187500
6.840909
7.187500
7.319445
7.319445
7.250000
7.319445
7.319445
7.319445
7.319445
7.319445
7.319445
7.562500
7.250000
7.319445
7.319445
7.250000
7.250000
7.319445
7.319445
7.562500
7.250000
7.319445
7.562500
7.562500
7.562500
7.319445
7.319445
7.319445
7.562500
7.562500
7.562500
7.150000
7.150000
7.150000
7.325000
7.325000
7.325000
7.325000
7.250000
7.325000
7.150000
7.325000
6.220000
6.461538
6.437500
6.437500
6.461538
6.461538
6.220000
6.220000
6.220000
6.461538
6.114583
6.114583
6.220000
6.296875
6.114583
6.114583
6.220000
6.296875
6.296875
6.296875
6.296875
6.296875
6.296875
6.846154
6.846154
6.846154
6.513158
6.846154
6.846154
6.675000
6.675000
6.513158
6.675000
6.729167
6.513158
6.675000
6.675000
6.729167
6.513158
6.513158
6.675000
6.729167
6.729167
6.675000
6.513158
6.513158
6.729167
6.513158
6.513158
6.513158
6.729167
6.729167
6.513158
6.729167
6.513158
6.729167
6.513158
6.729167
6.083333
6.083333
6.142857
6.083333
6.083333
6.083333
6.125000
6.142857
6.308824
6.152778
6.152778
6.152778
6.125000
5.782609
5.937500
5.782609
5.937500
5.782609
6.125000
5.937500
6.152778
5.782609
5.454545
6.308824
6.152778
6.125000
6.152778
6.152778
6.308824
6.250000
6.406250
6.308824
6.152778
6.308824
6.250000
6.250000
6.250000
6.152778
6.152778
6.308824
6.250000
6.406250
6.250000
6.000000
6.250000
6.250000
6.250000
6.250000
6.250000
6.406250
6.125000
6.125000
6.125000
6.375000
6.375000
6.250000
6.375000
6.406250
6.125000
6.125000
6.125000
6.142857
6.142857
6.142857
6.142857
6.142857
6.125000
6.142857
6.142857
5.937500
6.142857
5.782609
5.937500
5.937500
5.937500
5.782609
5.984375
5.937500
5.984375
5.984375
5.984375
5.984375
5.984375
5.984375
5.984375
5.937500
5.937500
5.937500
5.937500
5.937500
5.782609
5.782609
5.454545
5.782609
5.782609
5.782609
5.937500
5.782609
5.782609
5.937500
5.782609
5.782609
5.454545
5.454545
5.454545
6.152778
6.308824
6.308824
6.152778
6.152778
6.152778
6.125000
6.125000
6.142857
6.142857
6.142857
6.125000
6.125000
6.125000
6.142857
6.125000
6.125000
6.125000
6.125000
6.125000
6.142857
6.142857
6.142857
6.142857
6.142857
5.782609
5.937500
5.782609
5.782609
5.937500
5.937500
5.937500
5.937500
5.937500
5.782609
5.535714
5.535714
5.535714
5.535714
5.535714
5.535714
5.535714
5.535714
5.535714
5.535714
5.325000
5.535714
5.535714
5.325000
5.325000
5.535714
5.325000
5.325000
5.325000
5.325000
5.325000
5.325000
5.325000
5.300000
5.300000
5.300000
5.300000
5.388889
5.782609
5.782609
5.782609
5.454545
5.454545
5.454545
5.454545
5.454545
5.454545
5.343750
5.343750
5.454545
5.343750
5.250000
5.343750
5.454545
5.343750
5.454545
5.454545
5.454545
5.454545
5.454545
5.343750
5.343750
5.250000
5.343750
5.454545
5.454545
5.454545
5.454545
5.300000
5.388889
5.388889
5.388889
5.088710
5.088710
5.088710
5.088710
5.388889
5.388889
5.088710
4.854839
4.854839
4.854839
4.854839
4.833333
4.833333
4.833333
4.854839
4.854839
4.854839
4.843750
4.843750
4.854839
4.854839
4.833333
4.843750
4.854839
4.843750
4.843750
5.025000
5.025000
5.025000
5.025000
5.000000
5.000000
5.025000
5.088710
5.088710
5.025000
5.088710
5.025000
5.025000
5.025000
5.088710
5.088710
5.088710
5.025000
5.025000
5.088710
5.088710
5.088710
5.088710
5.250000
5.088710
5.388889
5.088710
5.250000
5.250000
5.088710
5.025000
5.088710
5.025000
5.088710
5.088710
5.388889
5.388889
5.088710
5.025000
5.088710
4.854839
4.854839
5.088710
4.843750
4.843750
4.875000
4.843750
4.854839
4.854839
4.833333
4.833333
4.854839
4.854839
4.854839
4.854839
4.854839
4.843750
4.843750
4.854839
4.875000
4.750000
4.250000
3.500000
4.250000
4.250000
4.250000
4.083333
4.083333
4.083333
4.250000
4.083333
4.250000
4.250000
4.083333
4.250000
4.250000
4.250000
4.250000
3.607143
3.600000
3.712963
3.638889
3.600000
4.100000
4.041667
4.100000
3.960526
3.960526
4.100000
4.100000
4.100000
4.041667
3.960526
4.100000
4.041667
4.041667
4.500000
4.500000
4.500000
3.812500
4.500000
4.437500
4.500000
4.500000
4.500000
4.437500
4.416667
3.875000
3.875000
4.416667
4.500000
4.500000
4.625000
3.875000
3.875000
4.437500
4.437500
4.500000
3.812500
4.375000
4.375000
4.250000
4.250000
4.375000
4.375000
4.250000
4.250000
4.321429
3.750000
4.321429
3.750000
4.250000
4.250000
4.250000
4.250000
4.250000
3.583333
3.392857
4.250000
4.250000
4.250000
5.666667
4.500000
4.500000
6.125000
5.750000
5.500000
4.750000
4.750000
5.000000
5.000000
5.000000
6.500000
6.562500
6.000000
5.250000
5.250000
5.250000
6.833333
6.125000
6.000000
6.250000
6.000000
6.250000
6.250000
6.583333
7.375000
6.928571
6.500000
6.625000
6.500000
6.500000
6.500000
6.937500
6.625000
6.500000
6.500000
6.500000
6.750000
6.583333
7.392857
6.625000
6.928571
6.625000
6.750000
6.750000
6.583333
6.937500
6.950000
6.500000
7.000000
7.000000
7.000000
7.000000
7.375000
6.928571
6.928571
7.000000
7.000000
7.000000
7.000000
7.250000
6.928571
6.928571
7.250000
5.083333
7.250000
7.875000
7.500000
7.500000
6.875000
7.500000
7.500000
7.500000
7.500000
7.500000
7.392857
7.375000
7.750000
7.750000
7.750000
7.750000
7.750000
7.750000
7.750000
7.750000
7.750000
7.916667
7.750000
7.687500
7.166667
8.000000
7.875000
8.000000
8.000000
7.454545
7.275000
8.000000
7.875000
8.000000
8.000000
7.875000
7.357143
7.250000
7.166667
7.275000
6.464286
7.750000
7.750000
7.750000
7.750000
7.687500
7.275000
7.166667
7.750000
7.750000
7.750000
7.750000
7.750000
8.000000
8.125000
7.750000
8.000000
8.000000
8.250000
8.250000
8.250000
8.125000
8.250000
8.250000
7.625000
7.625000
10.250000
8.250000
7.500000
8.250000
8.250000
8.500000
10.875000
7.875000
8.500000
8.500000
8.500000
7.500000
8.375000
7.916667
8.500000
8.500000
7.916667
8.375000
8.000000
8.250000
7.375000
8.125000
8.125000
8.166667
8.125000
8.000000
8.166667
8.125000
8.166667
8.000000
8.000000
8.000000
8.000000
8.000000
7.750000
7.250000
7.062500
7.062500
7.416667
7.150000
7.150000
7.500000
7.187500
7.187500
7.150000
7.150000
7.416667
7.416667
7.000000
5.062500
6.031250
6.833333
6.125000
5.937500
6.125000
7.000000
7.000000
5.125000
7.000000
5.312500
5.392857
5.107143
5.416667
5.423077
5.329545
5.423077
5.329545
5.329545
5.434783
5.329545
5.236842
5.423077
5.329545
5.566667
5.434210
5.566667
5.434210
5.788462
6.300000
6.300000
6.458333
6.375000
6.375000
6.375000
6.416667
6.416667
6.416667
6.250000
6.375000
6.300000
6.312500
6.312500
5.991071
6.656250
6.750000
6.750000
7.041667
7.093750
6.750000
6.500000
6.750000
6.500000
6.750000
7.041667
7.050000
7.050000
6.750000
6.458333
6.216667
6.216667
6.250000
6.571429
5.991071
5.991071
5.991071
6.312500
5.788462
5.434210
5.434210
5.125000
5.361111
5.187500
6.071429
5.343750
4.870000
4.870000
4.870000
4.571429
4.571429
4.875000
5.250000
4.870000
5.343750
4.875000
4.703125
4.870000
4.703125
4.703125
4.703125
4.870000
4.571429
5.343750
4.571429
4.870000
5.250000
5.384615
6.071429
6.071429
6.071429
6.071429
6.312500
5.991071
5.991071
5.250000
6.571429
5.384615
6.312500
5.384615
5.250000
5.384615
5.343750
6.300000
5.991071
6.458333
6.300000
5.991071
6.458333
6.300000
5.991071
5.991071
6.300000
6.250000
6.300000
6.300000
5.991071
6.300000
5.991071
6.300000
6.300000
6.300000
6.250000
6.458333
6.300000
5.991071
6.300000
6.300000
5.991071
6.312500
5.384615
5.384615
5.384615
6.071429
4.944445
5.014706
5.014706
5.187500
5.000000
5.000000
6.000000
6.000000
6.000000
6.000000
6.000000
5.386364
5.000000
5.000000
5.386364
5.350000
5.062500
5.062500
5.062500
5.346154
5.346154
5.145833
5.361111
5.350000
5.386364
5.350000
5.000000
5.062500
5.000000
5.386364
5.386364
5.386364
5.181818
5.181818
5.181818
5.181818
5.181818
5.000000
5.181818
5.346154
5.000000
5.000000
5.346154
5.386364
5.181818
5.346154
5.346154
5.000000
5.145833
5.346154
5.361111
5.361111
5.361111
4.833333
4.833333
4.727273
5.416667
5.416667
5.107143
5.025000
5.088710
5.088710
5.088710
5.025000
5.025000
5.088710
5.088710
5.088710
5.088710
5.025000
4.843750
4.843750
4.843750
4.854839
4.833333
4.833333
4.854839
4.854839
4.569445
4.569445
4.541667
4.450000
4.569445
4.569445
4.569445
4.569445
4.541667
4.569445
4.569445
4.569445
4.569445
4.569445
4.569445
4.541667
4.569445
4.569445
4.569445
4.569445
4.854839
4.854839
4.569445
4.854839
4.854839
4.843750
4.854839
4.854839
4.854839
4.854839
4.843750
4.843750
4.833333
4.833333
4.833333
4.833333
4.625000
4.500000
6.312500
8.187500
7.625000
4.500000
4.500000
7.625000
7.312500
6.583333
6.000000
6.500000
6.312500
5.500000
8.000000
8.750000
7.875000
7.000000
8.250000
8.500000
7.500000
6.500000
6.500000
6.500000
8.250000
6.750000
6.750000
6.750000
6.750000
6.750000
7.500000
9.416667
8.166667
7.500000
8.000000
8.250000
8.125000
7.625000
8.250000
8.250000
8.250000
7.000000
8.250000
8.500000
8.750000
8.750000
8.500000
8.500000
8.500000
8.750000
8.750000
8.750000
8.750000
8.750000
9.375000
8.750000
9.000000
9.000000
9.125000
9.000000
9.000000
9.000000
9.250000
9.250000
9.000000
9.250000
9.500000
9.500000
9.250000
9.125000
9.500000
9.500000
9.500000
9.250000
9.250000
9.500000
9.500000
9.500000
9.750000
9.750000
8.250000
9.750000
9.750000
9.875000
9.875000
9.875000
9.750000
10.000000
9.375000
10.000000
10.000000
10.000000
10.000000
10.000000
9.875000
9.875000
9.875000
10.000000
10.250000
10.250000
10.250000
10.375000
8.187500
7.625000
8.750000
10.500000
10.625000
10.250000
10.250000
10.875000
10.500000
9.416667
10.375000
8.187500
10.250000
10.500000
7.875000
10.500000
10.500000
10.500000
10.500000
9.333333
9.416667
10.500000
10.500000
8.000000
8.750000
10.500000
10.916667
10.625000
10.875000
10.500000
9.250000
10.500000
10.500000
10.500000
10.750000
10.750000
10.750000
10.750000
10.750000
10.750000
8.250000
7.625000
8.500000
10.750000
10.750000
10.750000
10.500000
10.625000
10.916667
10.625000
10.750000
11.000000
10.333333
9.333333
11.000000
11.000000
11.000000
11.000000
10.916667
11.250000
11.000000
11.000000
10.875000
11.500000
10.333333
10.875000
11.250000
11.500000
11.500000
11.500000
11.500000
11.500000
11.500000
11.500000
11.500000
12.000000
11.750000
11.750000
11.500000
11.750000
11.750000
11.750000
11.750000
11.750000
11.750000
11.750000
11.750000
11.750000
12.000000
12.000000
11.750000
12.000000
12.000000
12.000000
12.000000
12.000000
12.000000
12.000000
12.000000
12.250000
12.250000
12.250000
12.500000
12.250000
12.500000
12.500000
12.500000
12.500000
12.500000
12.500000
12.500000
12.500000
12.500000
12.500000
12.500000
12.500000
12.500000
12.500000
12.500000
12.500000
12.500000
12.500000
12.500000
12.000000
12.500000
12.500000
9.375000
12.000000
12.000000
12.000000
11.625000
11.625000
10.850000
10.850000
10.850000
10.850000
10.850000
10.083333
10.166667
10.166667
9.166667
10.083333
10.166667
10.083333
8.900000
8.900000
8.850000
8.850000
8.208333
8.500000
8.208333
8.850000
8.850000
8.900000
8.900000
7.750000
7.750000
8.250000
8.250000
8.250000
8.222222
8.208333
8.208333
8.208333
7.666667
8.208333
8.208333
8.208333
8.222222
8.250000
8.222222
8.250000
8.250000
8.222222
8.222222
8.222222
8.250000
8.250000
7.750000
8.250000
8.250000
7.750000
7.750000
8.900000
7.750000
8.850000
8.208333
8.208333
8.208333
8.208333
8.500000
7.750000
7.750000
7.750000
7.750000
7.750000
7.750000
7.750000
7.750000
7.750000
7.750000
7.750000
7.600000
7.600000
7.625000
7.625000
7.625000
7.625000
7.600000
7.600000
7.600000
7.500000
7.500000
7.500000
7.050000
7.050000
7.050000
7.093750
7.093750
7.041667
7.041667
6.750000
7.093750
7.041667
7.041667
7.093750
7.041667
7.041667
7.041667
7.093750
7.093750
7.093750
7.041667
7.041667
7.041667
6.750000
6.375000
6.916667
6.916667
6.916667
7.250000
6.840909
6.840909
7.250000
6.840909
6.846154
6.846154
7.250000
6.840909
6.840909
6.840909
7.250000
6.675000
6.700000
6.750000
6.750000
6.916667
6.916667
6.916667
6.916667
6.916667
6.750000
6.583333
7.000000
7.375000
6.250000
6.750000
7.375000
6.729167
6.675000
6.846154
6.846154
7.250000
6.846154
6.000000
6.750000
6.406250
6.375000
6.406250
6.406250
6.250000
6.308824
6.308824
6.125000
6.125000
6.152778
6.308824
6.250000
6.250000
6.250000
6.406250
6.308824
6.083333
6.125000
6.312500
6.142857
5.750000
6.461538
6.461538
6.437500
6.500000
6.461538
6.461538
6.461538
6.461538
6.461538
6.461538
6.220000
6.220000
6.220000
6.220000
6.114583
6.296875
6.114583
6.220000
6.220000
6.296875
6.296875
6.296875
6.296875
6.312500
6.312500
6.513158
6.513158
6.513158
6.312500
6.142857
6.142857
6.125000
6.142857
6.700000
6.142857
6.125000
6.142857
6.125000
6.142857
6.152778
6.308824
6.152778
6.308824
6.308824
6.308824
6.250000
6.250000
6.152778
6.125000
6.142857
6.142857
6.125000
6.125000
6.083333
5.984375
5.782609
5.937500
5.937500
5.984375
5.984375
5.500000
5.750000
5.912500
5.912500
5.912500
5.912500
5.833333
5.833333
5.912500
5.912500
5.912500
5.912500
5.912500
5.912500
5.912500
5.833333
5.833333
5.833333
5.912500
5.912500
5.912500
5.912500
5.912500
5.912500
5.912500
6.220000
6.114583
6.114583
6.114583
6.114583
6.220000
6.220000
6.114583
6.114583
6.114583
6.114583
6.114583
6.114583
6.220000
6.220000
6.296875
6.114583
6.114583
6.296875
6.114583
6.114583
6.114583
6.220000
6.220000
6.114583
6.296875
6.220000
6.220000
6.461538
6.220000
6.220000
6.220000
6.220000
6.114583
6.296875
6.114583
5.500000
5.437500
5.984375
5.984375
5.984375
5.984375
5.937500
5.984375
5.843750
5.843750
5.843750
5.666667
5.666667
5.666667
5.666667
5.666667
5.843750
5.843750
5.843750
5.843750
5.843750
5.750000
6.500000
6.250000
6.250000
6.250000
6.250000
6.125000
6.000000
6.000000
6.000000
5.500000
6.000000
6.000000
5.875000
6.000000
6.250000
6.250000
6.250000
6.250000
6.250000
6.250000
7.666667
7.916667
5.875000
7.062500
7.250000
7.000000
6.750000
7.000000
7.000000
7.375000
7.000000
7.000000
7.000000
7.250000
8.437500
8.000000
7.375000
7.375000
7.750000
7.750000
7.750000
7.375000
8.750000
8.750000
7.750000
7.750000
8.000000
9.125000
8.437500
8.100000
5.875000
5.875000
8.250000
8.500000
8.500000
10.708333
8.500000
10.000000
8.500000
8.500000
10.125000
10.450000
9.125000
8.437500
8.437500
9.000000
9.000000
10.125000
10.500000
10.500000
10.850000
10.750000
9.250000
10.650000
10.562500
10.450000
9.125000
9.125000
9.750000
9.500000
9.750000
8.750000
8.750000
9.750000
9.750000
9.750000
10.650000
10.562500
11.175000
11.000000
10.583333
10.000000
10.250000
10.708333
10.583333
10.375000
10.500000
10.250000
10.250000
10.250000
11.000000
10.250000
10.500000
11.250000
10.916667
10.583333
10.750000
10.500000
10.500000
11.125000
11.125000
11.125000
11.125000
10.500000
11.333333
11.437500
11.175000
11.175000
10.875000
10.875000
10.250000
10.750000
10.583333
10.375000
11.166667
11.166667
10.875000
11.000000
11.000000
10.916667
10.875000
10.875000
10.750000
10.750000
11.375000
10.750000
10.750000
10.750000
11.000000
11.000000
10.750000
11.375000
11.200000
10.928572
10.928572
10.750000
10.750000
10.750000
10.750000
10.750000
10.750000
11.000000
11.000000
11.000000
11.500000
10.916667
10.875000
10.583333
10.750000
10.750000
11.000000
10.583333
11.250000
10.500000
11.000000
10.875000
10.650000
11.333333
10.450000
11.000000
11.000000
10.875000
11.000000
10.125000
10.500000
10.500000
10.850000
10.750000
11.187500
10.650000
10.562500
11.175000
11.175000
11.000000
11.000000
11.000000
10.708333
10.500000
10.500000
10.850000
11.250000
11.250000
11.187500
11.250000
11.333333
10.450000
10.450000
11.000000
11.250000
11.000000
10.708333
11.250000
11.250000
11.166667
11.166667
11.187500
10.650000
10.125000
11.333333
11.175000
11.175000
11.250000
11.250000
11.250000
11.416667
11.250000
10.850000
10.750000
11.187500
11.333333
11.500000
10.562500
11.175000
11.175000
11.250000
11.250000
10.708333
11.416667
10.000000
10.850000
10.750000
11.500000
11.625000
11.500000
11.437500
11.250000
11.175000
11.250000
11.250000
10.708333
11.416667
11.250000
11.166667
11.166667
11.500000
11.625000
11.333333
11.437500
11.437500
11.250000
11.500000
11.500000
11.500000
11.750000
11.750000
11.125000
11.125000
11.000000
11.750000
11.750000
11.750000
11.500000
11.500000
11.750000
11.750000
11.125000
11.125000
11.750000
11.750000
11.750000
11.750000
12.000000
12.000000
12.055555
12.055555
12.055555
12.000000
11.375000
12.000000
12.000000
12.000000
12.000000
12.000000
12.000000
12.250000
12.250000
12.250000
12.250000
12.055555
12.055555
12.055555
12.000000
12.055555
12.055555
12.055555
11.375000
11.600000
11.600000
11.500000
11.600000
11.600000
11.600000
11.200000
11.200000
11.200000
11.166667
11.166667
11.200000
11.166667
10.928572
10.928572
10.928572
10.928572
10.928572
10.750000
10.416667
10.500000
10.416667
10.416667
10.416667
10.250000
10.416667
10.416667
9.850000
10.000000
10.000000
10.000000
9.850000
7.375000
7.375000
9.850000
9.850000
9.850000
9.500000
6.166667
9.250000
9.250000
9.250000
9.250000
9.250000
8.821428
9.250000
9.250000
8.821428
8.821428
8.821428
8.675000
8.675000
8.675000
8.675000
8.531250
8.675000
8.821428
8.675000
8.821428
8.821428
8.531250
8.531250
7.909091
8.531250
8.531250
7.416667
7.909091
7.909091
7.909091
7.909091
7.909091
7.416667
8.500000
7.416667
8.500000
8.500000
8.500000
8.500000
8.500000
8.500000
8.500000
8.500000
6.166667
8.500000
8.500000
8.500000
7.416667
7.909091
8.531250
8.531250
8.675000
8.675000
8.675000
8.675000
7.909091
7.909091
8.531250
8.500000
8.333333
8.500000
8.333333
8.375000
8.500000
8.500000
8.333333
8.375000
7.846154
7.875000
7.865385
7.865385
7.865385
7.791667
7.791667
7.666667
7.666667
7.666667
7.666667
7.416667
7.875000
7.750000
7.388889
7.458333
7.875000
7.750000
7.750000
7.666667
7.666667
7.666667
7.865385
7.791667
7.865385
7.666667
7.791667
7.791667
7.791667
7.791667
7.865385
7.865385
7.865385
7.750000
7.865385
7.791667
7.865385
7.865385
7.865385
7.791667
7.791667
7.791667
7.791667
7.865385
7.875000
7.875000
7.846154
7.846154
7.846154
7.750000
7.750000
7.875000
7.846154
7.875000
7.875000
7.846154
7.846154
7.846154
7.846154
7.846154
7.846154
7.875000
7.875000
7.846154
7.846154
7.279412
7.279412
7.279412
7.279412
7.279412
6.442307
7.279412
7.279412
7.279412
7.279412
6.843750
7.279412
7.279412
5.833333
6.875000
6.875000
6.875000
6.875000
7.312500
6.843750
6.875000
6.875000
7.277778
7.312500
7.312500
6.843750
7.312500
6.843750
7.312500
7.075000
7.075000
7.075000
7.312500
7.075000
7.075000
7.416667
7.458333
7.458333
7.416667
7.388889
7.250000
7.250000
6.687500
7.388889
7.388889
7.388889
7.388889
7.416667
7.075000
7.416667
7.416667
7.666667
7.666667
7.666667
7.666667
7.250000
7.388889
7.458333
7.075000
7.312500
7.075000
7.312500
7.458333
7.388889
7.388889
7.458333
7.416667
7.416667
7.416667
6.656250
6.656250
7.277778
7.277778
7.277778
7.277778
7.277778
7.277778
6.416667
7.277778
7.277778
6.300000
6.458333
6.300000
5.991071
6.312500
6.571429
6.312500
6.312500
6.312500
5.991071
6.312500
6.312500
5.991071
6.416667
5.991071
5.991071
6.300000
6.656250
6.216667
6.216667
6.656250
6.656250
6.656250
6.656250
6.656250
6.656250
6.216667
6.656250
6.656250
6.216667
6.216667
6.750000
6.458333
6.750000
6.950000
6.833333
6.833333
6.833333
6.750000
6.833333
6.900000
6.900000
6.900000
6.687500
6.900000
7.000000
7.000000
7.000000
7.000000
7.000000
7.000000
6.900000
6.833333
6.833333
6.750000
6.458333
6.750000
6.950000
6.950000
6.950000
6.750000
6.950000
6.458333
6.300000
5.991071
5.991071
5.991071
6.312500
6.458333
6.571429
5.788462
6.571429
6.312500
6.571429
6.071429
5.014706
5.187500
5.187500
5.454545
5.434210
5.434210
5.454545
5.788462
6.571429
5.166667
5.788462
5.788462
5.788462
5.166667
5.166667
5.454545
5.566667
5.434783
5.434783
5.125000
5.434783
5.434783
5.434783
5.434783
5.700000
5.500000
5.857143
5.500000
5.125000
5.700000
5.950000
5.700000
6.031250
6.031250
6.031250
5.950000
5.950000
5.062500
6.833333
6.750000
2.500000
2.500000
2.750000
2.750000
2.750000
2.750000
2.750000
2.750000
2.750000
3.000000
2.916667
2.916667
2.750000
2.916667
3.000000
2.950000
2.950000
2.950000
2.950000
3.000000
3.000000
2.950000
2.750000
2.550000
2.750000
2.750000
2.750000
2.750000
2.750000
2.750000
2.750000
2.550000
2.666667
2.750000
2.666667
2.666667
2.500000
2.375000
2.550000
2.500000
2.550000
2.375000
2.550000
2.500000
2.500000
2.250000
2.250000
2.250000
2.375000
2.375000
2.250000
2.250000
2.250000
2.250000
2.250000
2.333333
2.333333
2.333333
2.500000
2.500000
2.250000
2.500000
2.625000
2.500000
2.625000
2.625000
2.625000
2.625000
2.750000
2.625000
3.000000
2.750000
2.750000
2.916667
2.916667
3.000000
2.916667
3.000000
3.000000
3.000000
3.000000
3.000000
3.000000
2.875000
2.875000
3.000000
2.833333
2.750000
2.833333
2.833333
2.750000
2.750000
2.750000
2.750000
2.750000
6.464286
3.000000
3.250000
3.250000
3.250000
3.250000
3.250000
3.250000
3.500000
3.500000
6.666667
4.500000
4.125000
3.750000
3.750000
3.750000
3.750000
3.750000
3.750000
3.750000
3.750000
5.406250
4.666667
4.593750
4.250000
4.250000
4.000000
4.250000
4.250000
4.250000
6.000000
5.625000
4.979167
4.979167
4.500000
4.500000
4.500000
4.500000
4.500000
4.500000
4.500000
4.500000
4.750000
5.000000
4.027778
4.027778
4.750000
4.750000
5.000000
5.000000
5.000000
5.000000
5.000000
5.583333
5.000000
4.375000
3.694444
5.000000
5.000000
5.250000
5.250000
6.650000
4.750000
5.500000
5.500000
5.500000
4.300000
5.500000
5.250000
5.166667
5.500000
5.500000
5.750000
5.750000
6.000000
5.750000
5.750000
6.000000
6.166667
6.000000
3.863636
6.000000
6.000000
6.000000
6.000000
7.312500
6.250000
6.250000
6.250000
4.750000
6.333333
6.250000
6.000000
6.250000
6.250000
6.250000
8.500000
6.500000
6.375000
6.500000
6.333333
6.500000
6.500000
6.500000
6.500000
6.500000
6.500000
7.750000
7.416667
5.883333
6.750000
6.821429
6.750000
6.500000
6.750000
6.750000
8.625000
6.750000
6.050000
6.300000
5.928571
6.333333
6.750000
6.750000
7.000000
7.000000
7.000000
8.214286
6.583333
6.400000
6.125000
7.000000
7.125000
7.000000
7.000000
7.000000
7.000000
7.250000
7.250000
6.583333
5.650000
5.950000
7.125000
7.250000
7.250000
9.000000
7.250000
7.500000
7.750000
7.750000
6.937500
7.500000
7.500000
7.500000
7.500000
7.500000
7.625000
8.166667
8.166667
7.750000
7.750000
6.937500
7.500000
7.500000
7.750000
9.250000
7.750000
7.625000
8.875000
8.125000
7.750000
8.000000
7.750000
8.000000
7.750000
8.000000
8.000000
8.000000
8.125000
8.214286
8.500000
8.250000
8.000000
8.000000
8.000000
8.250000
8.250000
8.250000
8.250000
9.250000
8.500000
8.250000
8.250000
8.250000
8.250000
8.250000
8.250000
8.250000
8.125000
8.750000
8.500000
8.500000
8.500000
6.022727
6.035714
8.250000
5.913043
6.046875
6.250000
6.250000
6.211538
6.375000
6.950000
6.950000
6.950000
6.950000
6.950000
6.458333
6.812500
6.812500
7.000000
6.800000
6.000000
7.000000
7.000000
6.291667
6.607143
6.458333
6.800000
6.291667
6.458333
6.812500
6.166667
6.800000
6.291667
6.800000
5.785714
6.107143
6.375000
6.211538
6.211538
6.107143
6.250000
6.250000
6.250000
6.250000
5.960526
5.960526
6.250000
6.100000
6.100000
6.046875
6.250000
6.250000
6.250000
6.211538
6.211538
6.211538
6.107143
5.960526
6.211538
6.375000
6.375000
6.607143
6.607143
6.607143
6.607143
6.607143
6.291667
7.000000
6.800000
6.291667
6.950000
6.950000
6.950000
6.166667
6.250000
6.166667
6.250000
6.250000
6.250000
6.250000
6.250000
6.166667
6.083333
6.166667
6.083333
6.166667
6.250000
6.166667
6.250000
6.083333
6.083333
6.166667
6.083333
6.083333
6.166667
6.166667
6.000000
6.291667
6.607143
6.950000
6.458333
6.950000
6.458333
6.166667
6.166667
6.458333
6.812500
6.333333
6.333333
5.916667
5.916667
6.000000
5.916667
5.916667
6.000000
6.125000
5.916667
5.650000
5.950000
5.892857
5.926471
5.519231
5.659091
5.226191
5.272727
6.250000
6.375000
6.250000
6.250000
6.333333
6.500000
5.187500
5.187500
6.166667
6.166667
6.250000
6.000000
6.000000
6.000000
5.583333
5.625000
5.600000
5.500000
5.437500
5.333333
5.229167
5.350000
5.500000
5.229167
5.500000
5.350000
5.350000
5.229167
5.229167
5.229167
5.625000
5.600000
5.571429
5.571429
5.406250
5.406250
5.571429
5.571429
5.406250
5.600000
5.406250
5.571429
5.750000
5.750000
5.750000
5.750000
5.750000
5.750000
5.750000
5.750000
5.750000
5.750000
6.000000
5.750000
5.571429
5.666667
5.916667
6.000000
5.625000
5.406250
5.406250
5.625000
5.666667
5.916667
5.916667
4.050000
4.050000
4.656250
4.222222
4.656250
4.656250
4.250000
4.250000
4.250000
4.656250
4.222222
4.222222
3.777778
4.300000
4.300000
4.300000
4.791667
4.791667
4.791667
4.791667
4.666667
4.666667
4.666667
4.666667
4.375000
3.750000
5.250000
5.250000
5.416667
5.333333
4.321429
5.500000
5.437500
5.333333
4.500000
4.300000
5.000000
5.000000
4.300000
5.400000
5.400000
5.312500
5.600000
5.625000
5.583333
5.666667
5.312500
5.312500
5.571429
5.600000
5.500000
5.400000
5.400000
5.400000
5.312500
5.406250
5.333333
4.321429
5.416667
5.416667
4.321429
5.333333
5.229167
5.437500
5.229167
5.350000
5.333333
5.125000
4.375000
4.550000
4.550000
4.550000
4.027778
5.125000
4.343750
4.666667
4.979167
4.979167
4.375000
5.125000
5.125000
5.000000
4.833333
4.593750
5.000000
4.875000
4.875000
4.700000
4.625000
4.666667
4.750000
4.750000
4.750000
4.750000
4.666667
4.600000
4.750000
4.600000
4.666667
4.750000
4.000000
4.000000
4.500000
4.350000
5.333333
4.300000
4.300000
4.350000
4.350000
5.437500
5.500000
5.500000
5.229167
5.350000
5.350000
5.350000
5.350000
5.333333
5.333333
5.350000
5.229167
5.350000
5.229167
4.979167
4.979167
4.343750
4.343750
4.979167
4.979167
4.343750
4.979167
4.979167
4.979167
4.979167
4.833333
4.833333
4.833333
4.833333
4.833333
4.833333
4.593750
4.593750
4.833333
4.833333
4.833333
4.833333
4.833333
4.500000
4.593750
4.593750
4.593750
4.593750
4.500000
4.500000
4.333333
4.333333
4.333333
4.333333
4.333333
4.333333
4.600000
4.125000
4.600000
4.600000
4.666667
4.625000
3.937500
4.388889
4.388889
3.666667
4.428571
4.428571
4.428571
4.625000
5.000000
4.428571
4.250000
4.428571
4.625000
5.000000
4.300000
4.300000
4.625000
3.937500
4.388889
4.388889
4.388889
4.875000
4.388889
4.875000
4.388889
4.687500
4.625000
4.687500
4.700000
4.700000
4.700000
4.687500
4.625000
4.687500
4.700000
4.625000
4.500000
4.500000
3.000000
3.000000
3.750000
3.000000
3.500000
3.850000
3.500000
3.250000
3.250000
3.250000
3.250000
3.450000
3.450000
3.450000
3.450000
3.500000
3.666667
3.666667
3.666667
3.750000
3.750000
3.833333
3.450000
3.833333
3.833333
3.500000
3.850000
3.850000
3.850000
3.850000
4.000000
3.750000
3.750000
3.750000
3.833333
3.833333
3.833333
3.750000
3.750000
3.583333
3.583333
3.750000
3.750000
3.500000
3.500000
3.500000
3.500000
3.500000
3.250000
3.583333
3.250000
3.250000
3.000000
3.250000
3.250000
3.250000
3.250000
3.250000
3.250000
3.250000
8.416667
4.000000
4.250000
4.250000
4.250000
4.250000
8.166667
6.625000
4.250000
4.250000
4.750000
5.250000
5.250000
5.500000
5.500000
5.500000
5.500000
5.500000
5.500000
6.250000
6.500000
6.750000
6.750000
10.250000
6.750000
6.750000
6.750000
6.750000
7.500000
7.750000
7.750000
8.000000
9.000000
11.062500
11.166667
8.000000
8.000000
8.500000
8.750000
8.166667
6.625000
9.250000
10.000000
10.000000
9.250000
9.250000
9.500000
9.750000
9.000000
11.062500
12.000000
12.187500
11.500000
11.500000
10.000000
10.500000
10.500000
10.750000
11.750000
10.000000
10.000000
10.750000
11.000000
11.000000
11.000000
8.166667
11.250000
11.500000
11.500000
11.500000
11.500000
11.500000
11.500000
11.750000
11.750000
11.750000
12.000000
12.000000
12.000000
12.000000
12.000000
12.000000
12.375000
12.250000
12.625000
11.166667
12.000000
12.187500
12.250000
12.500000
12.500000
12.375000
12.750000
11.750000
12.750000
12.750000
12.750000
12.750000
12.750000
12.750000
13.125000
13.250000
12.625000
11.062500
11.166667
12.187500
11.500000
11.500000
13.000000
13.125000
13.250000
13.375000
11.062500
12.000000
12.187500
13.250000
13.250000
13.250000
13.500000
13.250000
13.375000
13.625000
13.500000
13.750000
13.500000
13.500000
13.500000
13.750000
10.250000
13.750000
13.750000
13.750000
13.750000
13.750000
13.750000
13.750000
13.750000
13.750000
13.625000
14.000000
13.750000
14.000000
14.000000
14.000000
14.000000
14.000000
14.000000
14.250000
14.250000
14.250000
14.250000
14.250000
14.250000
14.250000
14.250000
14.500000
14.250000
14.500000
14.500000
14.500000
14.500000
14.500000
14.500000
14.500000
14.500000
14.500000
14.625000
14.625000
14.500000
14.625000
14.625000
14.500000
13.166667
13.333333
14.500000
14.625000
14.625000
14.750000
14.625000
14.625000
14.750000
13.083333
14.750000
12.250000
14.500000
14.250000
14.000000
14.000000
13.750000
13.500000
10.125000
10.875000
13.000000
12.750000
12.500000
10.250000
12.125000
12.125000
11.750000
8.750000
8.666667
7.916667
11.250000
7.350000
9.375000
9.375000
9.600000
9.062500
9.000000
9.062500
8.416667
9.600000
8.500000
6.250000
6.666667
9.500000
9.250000
9.250000
7.250000
7.550000
7.500000
7.375000
8.500000
7.750000
7.750000
8.500000
7.750000
7.416667
7.416667
6.833333
6.562500
6.500000
7.208333
7.208333
6.333333
6.833333
7.500000
7.187500
7.500000
7.208333
6.916667
6.916667
6.625000
6.625000
6.500000
6.833333
6.416667
6.375000
6.000000
6.500000
5.125000
7.000000
5.937500
6.500000
6.833333
7.000000
6.500000
6.750000
6.750000
6.750000
6.821429
6.821429
6.821429
6.821429
6.821429
6.125000
6.750000
6.750000
6.750000
6.821429
6.833333
6.833333
6.916667
6.916667
6.666667
6.687500
6.687500
6.500000
6.500000
6.500000
6.500000
6.750000
6.750000
6.375000
6.375000
5.142857
5.333333
5.333333
5.166667
4.900000
5.166667
5.166667
4.826923
5.916667
5.916667
5.916667
5.916667
4.826923
4.826923
4.826923
4.826923
4.900000
5.333333
4.900000
2.666667
1.312500
1.333333
1.312500
1.250000
1.350000
1.250000
1.250000
1.250000
1.312500
1.350000
1.250000
1.312500
1.350000
1.350000
1.333333
1.333333
1.250000
2.666667
1.312500
1.250000
1.312500
1.250000
1.312500
1.312500
1.312500
1.250000
1.333333
1.312500
1.250000
2.666667
1.250000
1.250000
1.312500
1.250000
1.350000
1.333333
1.333333
1.250000
1.312500
1.250000
1.250000
1.250000
1.250000
1.250000
1.500000
1.750000
2.250000
1.750000
1.750000
1.750000
1.750000
2.000000
2.000000
2.250000
2.250000
2.250000
2.250000
2.250000
2.500000
2.500000
2.500000
2.750000
2.750000
2.250000
2.500000
2.750000
2.750000
2.750000
2.750000
3.000000
3.000000
3.000000
3.000000
3.000000
3.000000
3.000000
3.250000
3.250000
3.250000
3.375000
3.250000
3.875000
3.500000
3.500000
3.500000
3.500000
3.500000
3.375000
3.625000
3.500000
3.500000
3.750000
3.750000
3.750000
4.125000
3.750000
3.625000
3.750000
3.750000
3.750000
3.750000
4.000000
3.750000
4.000000
3.750000
3.750000
4.000000
1.250000
4.000000
4.000000
4.250000
4.333333
4.333333
4.250000
4.375000
4.500000
4.625000
4.625000
4.500000
4.500000
4.333333
4.500000
4.500000
4.500000
4.500000
4.500000
4.500000
4.500000
4.750000
4.750000
4.500000
4.500000
3.875000
4.500000
4.500000
4.500000
4.500000
4.750000
4.750000
4.125000
4.500000
4.375000
4.750000
4.625000
4.625000
4.750000
5.025000
5.025000
4.750000
4.625000
4.750000
4.750000
4.750000
4.750000
6.700000
5.750000
4.312500
4.166667
5.000000
4.750000
5.000000
5.000000
5.000000
5.125000
5.912500
5.250000
5.750000
5.535714
5.000000
5.125000
5.250000
5.250000
5.250000
7.000000
5.437500
3.964286
4.916667
5.250000
5.125000
5.250000
7.083333
5.250000
5.125000
5.912500
4.312500
4.916667
4.750000
5.000000
5.000000
5.000000
5.000000
5.250000
6.833333
5.437500
5.437500
5.666667
5.250000
5.250000
5.250000
5.250000
5.250000
5.250000
6.840909
6.437500
5.833333
5.500000
5.500000
5.500000
5.500000
5.750000
7.750000
6.375000
5.750000
5.750000
5.750000
5.750000
5.750000
5.750000
5.750000
5.750000
6.000000
6.000000
4.416667
4.416667
4.035714
5.750000
5.500000
5.250000
5.125000
5.125000
5.000000
4.916667
4.916667
4.916667
4.750000
4.500000
4.750000
4.500000
3.750000
4.000000
4.250000
3.041667
3.583333
3.583333
3.750000
3.083333
3.750000
4.000000
3.500000
3.750000
3.500000
3.500000
3.333333
3.375000
3.333333
3.125000
3.375000
3.333333
3.333333
3.333333
3.333333
3.750000
3.000000
3.250000
3.250000
3.000000
2.950000
2.950000
2.950000
3.000000
2.950000
2.950000
2.950000
2.950000
2.950000
2.750000
2.750000
2.750000
2.625000
2.833333
2.833333
2.833333
2.833333
2.833333
2.750000
2.833333
2.687500
2.750000
2.750000
2.750000
2.625000
2.812500
2.812500
3.125000
2.875000
2.666667
2.666667
2.625000
2.500000
2.666667
2.687500
2.625000
2.812500
3.000000
3.000000
3.000000
3.000000
2.950000
3.125000
2.875000
2.875000
2.800000
3.041667
3.041667
3.041667
3.041667
2.800000
2.812500
3.000000
2.812500
2.750000
2.812500
2.812500
2.750000
3.041667
2.750000
2.800000
2.800000
2.800000
3.583333
3.083333
3.083333
2.750000
2.750000
2.750000
2.625000
2.625000
2.500000
2.500000
2.500000
2.950000
2.625000
2.812500
2.750000
2.687500
2.687500
2.625000
2.750000
2.750000
2.500000
2.750000
2.750000
2.750000
4.673077
3.500000
2.875000
3.000000
3.000000
3.000000
3.000000
3.000000
5.434210
4.083333
3.500000
3.125000
3.250000
3.250000
3.500000
3.500000
5.329545
3.750000
3.750000
3.750000
3.750000
3.750000
4.000000
4.000000
3.750000
5.125000
4.086957
4.416667
4.250000
4.250000
4.000000
4.250000
4.000000
4.250000
5.312500
4.045455
4.500000
4.500000
4.250000
4.250000
4.500000
4.500000
4.500000
4.500000
4.750000
4.875000
4.625000
4.750000
4.750000
4.750000
5.000000
5.000000
5.875000
5.000000
4.875000
4.321429
5.000000
5.000000
5.000000
5.000000
5.000000
5.250000
7.250000
6.333333
6.000000
4.700000
5.250000
5.500000
5.250000
5.500000
5.500000
5.500000
6.375000
5.750000
5.875000
5.500000
5.500000
5.750000
5.750000
5.750000
5.750000
5.750000
7.062500
6.125000
6.000000
5.875000
4.700000
5.750000
5.750000
5.750000
5.750000
7.375000
6.000000
6.000000
4.700000
5.875000
5.500000
6.000000
6.000000
6.000000
7.187500
5.750000
3.678571
6.000000
6.000000
6.000000
6.000000
6.000000
6.500000
5.750000
6.250000
6.250000
5.666667
6.250000
6.250000
6.500000
6.500000
7.208333
6.500000
6.250000
5.666667
6.500000
6.500000
6.500000
7.500000
6.750000
6.500000
6.250000
6.625000
6.500000
6.500000
6.500000
6.750000
6.875000
6.125000
7.208333
6.625000
6.500000
6.750000
6.750000
6.750000
6.500000
7.000000
7.208333
6.500000
6.000000
6.750000
7.000000
7.000000
7.000000
6.750000
6.875000
7.000000
6.125000
6.833333
6.562500
6.833333
7.000000
7.000000
7.000000
7.000000
7.000000
7.000000
7.375000
7.250000
6.916667
7.250000
7.000000
7.250000
7.250000
7.250000
7.375000
7.250000
6.821429
7.250000
7.250000
7.250000
7.250000
7.250000
7.250000
7.500000
7.375000
7.750000
6.687500
6.666667
6.750000
7.000000
5.142857
5.333333
5.142857
4.826923
6.125000
4.333333
4.571429
6.250000
4.571429
3.850000
6.250000
4.571429
5.166667
4.826923
3.714286
5.916667
6.125000
5.916667
5.750000
5.750000
4.166667
4.166667
5.500000
5.500000
4.250000
4.250000
4.375000
4.375000
4.166667
4.166667
4.321429
3.250000
3.166667
3.000000
3.960526
3.600000
3.607143
3.600000
3.642857
3.642857
3.708333
3.638889
3.642857
3.250000
3.875000
5.875000
5.062500
4.000000
3.708333
3.708333
3.708333
3.607143
3.500000
3.500000
3.500000
3.500000
3.500000
6.333333
5.125000
4.727273
4.275000
4.300000
4.000000
4.000000
4.000000
4.000000
5.125000
4.437500
3.708333
3.708333
3.638889
4.000000
4.000000
4.000000
4.625000
5.423077
3.962500
3.962500
3.962500
3.962500
4.250000
4.250000
4.250000
5.000000
5.125000
4.000000
4.375000
4.250000
4.500000
4.250000
4.500000
4.500000
5.125000
4.300000
4.437500
4.275000
3.642857
3.712963
4.250000
4.250000
4.250000
4.583333
5.107143
4.275000
4.437500
4.275000
4.437500
4.500000
4.500000
4.500000
5.583333
4.583333
5.107143
4.727273
4.727273
4.673077
4.750000
4.500000
4.500000
6.166667
5.500000
4.833333
3.962500
3.962500
3.962500
4.500000
4.500000
4.500000
4.500000
5.416667
4.833333
4.275000
4.275000
4.275000
4.500000
4.500000
4.750000
4.750000
4.583333
5.392857
5.107143
4.750000
5.000000
4.750000
4.750000
4.750000
6.250000
6.031250
5.000000
4.673077
5.062500
5.350000
5.386364
5.386364
5.181818
4.500000
4.500000
6.200000
5.236842
4.673077
4.727273
4.727273
4.833333
4.833333
4.500000
4.500000
4.750000
5.125000
5.107143
5.236842
4.673077
4.673077
4.750000
4.750000
4.750000
4.750000
5.500000
4.673077
5.145833
5.361111
4.833333
4.750000
4.750000
4.750000
5.583333
5.000000
5.950000
5.125000
5.937500
5.312500
5.000000
5.000000
5.000000
7.375000
4.625000
5.392857
5.107143
5.107143
5.000000
5.000000
5.000000
5.000000
4.750000
5.392857
5.236842
5.346154
5.000000
5.145833
5.000000
5.000000
5.000000
5.000000
6.166667
6.200000
5.150000
5.150000
5.566667
5.434210
5.250000
5.250000
5.250000
7.909091
6.442307
5.375000
5.566667
5.566667
5.000000
5.250000
5.250000
7.416667
5.333333
5.566667
5.125000
5.566667
5.566667
5.346154
5.145833
5.125000
5.434210
5.434210
5.454545
5.145833
5.434783
5.145833
5.361111
5.000000
4.944445
5.181818
5.000000
3.962500
3.803571
3.803571
4.300000
4.300000
4.086957
4.086957
4.071429
4.045455
4.071429
4.071429
4.178571
4.375000
4.178571
4.178571
4.178571
4.178571
4.086957
4.071429
4.045455
4.045455
4.100000
3.960526
3.960526
3.960526
3.960526
3.960526
4.071429
4.045455
4.071429
4.086957
4.086957
4.086957
4.086957
4.178571
4.178571
4.086957
4.086957
4.086957
4.300000
4.086957
3.960526
3.960526
3.600000
3.600000
3.607143
3.642857
3.642857
3.642857
4.275000
3.803571
4.275000
3.803571
3.803571
3.803571
3.962500
3.962500
3.962500
3.962500
3.803571
3.803571
3.803571
3.712963
3.712963
3.638889
3.638889
3.712963
3.712963
3.638889
3.638889
3.638889
3.712963
3.712963
3.803571
3.803571
3.962500
3.962500
3.962500
5.000000
5.062500
4.275000
3.803571
3.712963
3.712963
3.712963
3.712963
3.712963
3.712963
3.500000
3.638889
3.638889
3.638889
3.638889
3.638889
3.638889
3.962500
3.803571
3.803571
3.962500
3.962500
3.962500
3.962500
4.071429
4.045455
4.100000
4.041667
3.250000
3.250000
3.250000
3.875000
3.812500
3.250000
3.250000
3.166667
3.166667
3.250000
4.321429
3.750000
3.250000
3.250000
3.250000
4.700000
3.250000
3.250000
3.678571
3.678571
3.678571
3.437500
3.437500
3.437500
3.437500
3.250000
3.583333
3.392857
3.250000
3.392857
3.250000
3.250000
3.392857
3.250000
3.250000
4.333333
3.250000
3.250000
3.250000
3.850000
3.850000
4.571429
4.571429
5.166667
5.333333
4.900000
4.826923
3.714286
4.826923
3.500000
4.826923
4.375000
4.166667
4.166667
4.250000
3.714286
3.714286
4.166667
3.625000
3.250000
3.666667
4.388889
3.937500
4.000000
4.300000
4.300000
4.350000
5.229167
4.321429
4.321429
4.050000
4.656250
4.250000
4.375000
3.750000
4.550000
4.027778
4.375000
4.027778
4.343750
4.343750
3.750000
3.750000
3.694444
3.694444
3.694444
4.027778
4.222222
4.222222
4.250000
4.656250
4.250000
4.050000
4.050000
3.777778
4.222222
4.050000
3.687500
3.687500
3.750000
3.708333
3.750000
3.625000
4.791667
4.300000
3.625000
4.300000
4.666667
3.694444
4.300000
3.708333
3.777778
3.777778
3.863636
3.863636
3.687500
3.812500
3.750000
3.750000
3.812500
3.750000
3.812500
3.750000
3.750000
3.687500
3.750000
3.750000
3.750000
3.750000
3.750000
3.750000
3.708333
3.708333
3.708333
3.708333
3.750000
3.863636
3.863636
3.777778
3.863636
3.750000
3.750000
3.750000
3.750000
3.750000
3.750000
4.750000
5.187500
3.750000
3.812500
4.000000
4.000000
4.000000
4.000000
4.000000
4.250000
6.250000
4.750000
4.500000
4.500000
4.500000
4.750000
8.375000
7.350000
6.650000
6.666667
5.250000
5.166667
5.000000
5.250000
5.250000
6.125000
6.850000
6.892857
5.500000
5.750000
6.250000
6.250000
7.083333
7.250000
6.250000
7.916667
6.250000
6.250000
6.250000
6.250000
6.250000
6.250000
6.750000
7.312500
6.125000
6.750000
6.750000
6.750000
6.750000
6.750000
7.000000
6.650000
7.000000
7.000000
6.750000
6.250000
6.250000
6.750000
7.250000
6.650000
6.892857
7.000000
7.000000
7.000000
7.000000
8.312500
8.666667
7.250000
7.000000
7.000000
7.000000
7.000000
7.000000
7.916667
7.250000
8.750000
7.250000
7.250000
7.250000
7.250000
7.250000
7.250000
7.583333
7.750000
7.700000
7.500000
7.500000
7.625000
7.625000
7.500000
7.750000
7.700000
7.687500
7.750000
7.750000
7.625000
7.625000
7.750000
8.000000
8.000000
8.000000
7.750000
7.750000
7.750000
7.750000
7.750000
8.000000
8.000000
8.000000
8.000000
7.750000
7.750000
7.750000
7.750000
8.000000
7.916667
6.500000
6.375000
7.750000
7.750000
7.750000
8.000000
8.000000
8.000000
7.750000
7.750000
7.750000
7.750000
7.750000
8.000000
8.125000
8.000000
8.000000
8.000000
8.000000
8.000000
8.000000
8.250000
8.125000
8.250000
8.250000
8.000000
8.000000
8.250000
8.000000
8.250000
8.250000
8.250000
8.250000
8.250000
8.250000
8.250000
8.250000
8.500000
8.375000
8.250000
8.250000
8.250000
8.250000
8.250000
8.250000
8.250000
8.375000
8.250000
7.250000
8.000000
8.000000
8.000000
8.000000
8.000000
8.000000
7.666667
8.250000
8.100000
8.100000
7.916667
7.916667
7.875000
7.875000
7.916667
7.750000
6.250000
7.750000
5.583333
6.333333
6.333333
7.250000
6.200000
7.000000
7.000000
6.200000
6.200000
6.750000
6.750000
7.000000
6.625000
6.625000
7.279412
6.750000
6.442307
7.279412
6.442307
6.442307
6.442307
6.442307
7.279412
7.075000
6.843750
6.843750
6.687500
6.416667
6.656250
6.656250
6.216667
6.416667
6.216667
6.216667
6.458333
6.216667
5.375000
5.333333
5.700000
5.857143
5.500000
5.857143
5.857143
5.000000
5.125000
5.700000
5.700000
5.125000
6.031250
5.700000
5.700000
5.236842
5.236842
5.423077
5.329545
5.423077
5.434783
5.434783
5.236842
5.236842
5.329545
5.125000
5.329545
5.333333
5.333333
5.250000
5.250000
5.333333
5.700000
5.250000
5.150000
5.375000
5.333333
5.500000
5.416667
5.250000
6.125000
5.125000
5.416667
5.236842
5.423077
5.329545
5.236842
5.125000
5.454545
5.434210
5.434210
5.454545
5.166667
5.166667
5.788462
5.454545
5.150000
5.150000
5.375000
5.833333
6.875000
5.166667
5.788462
5.166667
5.434210
5.329545
5.434783
5.187500
5.014706
4.944445
5.384615
4.944445
5.014706
5.187500
5.187500
5.014706
5.000000
5.125000
5.329545
5.434783
5.434783
5.125000
5.434783
5.329545
5.434783
5.329545
5.125000
5.125000
5.423077
5.125000
5.000000
5.346154
5.187500
5.014706
5.014706
5.014706
5.187500
5.000000
5.000000
5.000000
5.187500
5.000000
5.014706
4.944445
5.384615
5.250000
6.312500
5.166667
5.166667
5.991071
5.991071
5.991071
5.788462
5.384615
5.250000
4.875000
4.870000
4.571429
4.500000
4.500000
4.500000
4.500000
4.083333
4.870000
4.703125
4.571429
4.870000
4.870000
4.870000
4.571429
4.870000
4.125000
4.703125
4.571429
4.571429
4.571429
5.343750
4.875000
5.343750
4.571429
4.214286
4.090909
4.214286
4.214286
4.138889
4.025000
4.138889
4.138889
4.138889
4.138889
4.250000
4.187500
4.187500
4.125000
4.125000
4.703125
4.870000
4.875000
4.870000
4.703125
4.571429
4.571429
4.090909
4.083333
4.025000
4.090909
4.214286
4.090909
4.090909
4.090909
4.090909
4.025000
4.138889
4.214286
4.090909
4.025000
4.025000
4.138889
4.125000
4.187500
4.125000
4.703125
4.125000
4.187500
4.125000
4.125000
4.138889
4.214286
4.083333
3.875000
3.875000
4.000000
3.916667
4.000000
4.000000
4.000000
4.000000
4.025000
4.090909
4.090909
4.138889
4.025000
4.090909
4.214286
4.083333
4.083333
4.571429
4.571429
4.571429
4.870000
4.703125
4.025000
4.025000
4.025000
4.083333
4.000000
3.916667
4.000000
3.767857
3.767857
3.767857
3.767857
3.767857
3.916667
3.767857
3.767857
3.875000
3.750000
4.035714
4.035714
4.416667
4.416667
4.035714
3.750000
3.750000
3.875000
3.750000
3.750000
3.750000
3.750000
3.750000
3.767857
3.767857
3.767857
3.767857
3.700000
3.700000
3.700000
3.700000
3.767857
3.767857
3.767857
3.700000
3.803571
3.687500
4.312500
3.964286
3.687500
3.687500
3.964286
3.750000
3.750000
3.750000
3.750000
3.687500
3.964286
4.000000
3.803571
3.750000
3.750000
4.166667
3.750000
3.500000
3.803571
3.500000
3.803571
3.803571
4.000000
4.000000
3.500000
5.142857
5.142857
4.000000
4.000000
4.000000
4.166667
4.000000
4.000000
3.625000
4.000000
4.250000
4.000000
4.000000
4.000000
4.000000
4.000000
4.000000
4.000000
4.000000
4.000000
4.000000
4.062500
4.062500
4.062500
4.428571
4.062500
4.000000
4.000000
5.083333
4.000000
4.250000
4.250000
4.500000
4.500000
4.500000
6.500000
6.375000
5.000000
5.000000
5.000000
5.250000
5.250000
5.500000
5.500000
5.750000
5.750000
5.750000
6.000000
6.000000
6.000000
6.250000
6.250000
6.250000
6.750000
6.750000
6.750000
6.750000
6.750000
7.000000
7.000000
7.250000
7.500000
7.500000
7.500000
7.500000
7.500000
7.750000
7.750000
7.750000
7.750000
8.000000
8.000000
8.250000
8.000000
8.250000
8.250000
8.250000
8.250000
8.250000
8.750000
8.500000
8.500000
8.750000
8.750000
8.750000
8.750000
9.000000
9.000000
9.250000
8.583333
9.000000
9.000000
9.000000
9.250000
9.250000
9.250000
9.250000
9.500000
9.500000
9.500000
9.500000
9.500000
9.500000
9.500000
9.500000
9.500000
10.000000
9.750000
10.125000
9.900000
9.750000
10.333333
9.750000
10.500000
10.000000
10.250000
10.250000
10.000000
10.000000
10.250000
10.250000
10.250000
10.250000
10.625000
10.500000
10.125000
10.500000
10.500000
10.625000
10.333333
10.500000
10.750000
10.750000
12.250000
10.750000
10.083333
9.900000
10.625000
10.333333
10.500000
10.625000
11.000000
11.000000
11.000000
11.000000
11.000000
11.250000
11.250000
11.250000
11.250000
11.500000
11.500000
11.250000
11.833333
12.000000
11.833333
11.500000
11.500000
11.750000
12.312500
11.750000
12.125000
11.833333
12.000000
11.833333
12.125000
12.000000
12.000000
12.000000
12.000000
12.000000
12.000000
12.000000
12.000000
12.000000
12.000000
11.750000
12.312500
12.250000
12.250000
12.250000
12.000000
11.833333
12.500000
12.583333
13.083333
12.312500
12.125000
12.250000
11.833333
12.000000
12.500000
12.500000
12.583333
13.166667
12.312500
12.750000
12.625000
12.625000
12.500000
12.125000
12.750000
12.750000
12.750000
13.000000
12.750000
12.625000
12.625000
13.333333
12.750000
12.500000
12.583333
13.000000
13.000000
13.000000
13.000000
12.750000
12.500000
12.250000
11.250000
8.375000
11.750000
11.500000
11.250000
10.000000
8.916667
8.416667
8.750000
8.500000
9.600000
9.500000
9.250000
9.000000
9.250000
8.750000
9.000000
8.500000
7.000000
8.250000
8.125000
8.000000
7.750000
8.000000
7.416667
7.750000
7.000000
5.900000
7.375000
7.375000
5.950000
6.821429
6.821429
5.659091
5.926471
5.926471
5.926471
6.821429
5.892857
5.883333
5.883333
5.883333
5.666667
7.000000
6.400000
6.400000
6.250000
6.937500
6.583333
6.583333
5.928571
6.300000
6.375000
6.375000
6.300000
6.291667
6.291667
6.291667
6.050000
6.107143
6.375000
5.913043
5.750000
6.100000
5.875000
6.000000
5.916667
6.000000
5.916667
5.916667
6.022727
5.913043
5.916667
5.916667
5.913043
6.022727
6.046875
6.046875
6.100000
6.046875
5.960526
6.250000
5.960526
6.250000
6.250000
6.250000
5.960526
6.250000
6.046875
5.960526
5.960526
5.913043
5.913043
6.022727
5.913043
5.916667
6.022727
5.916667
5.913043
5.913043
5.960526
6.046875
5.833333
6.100000
6.250000
6.250000
5.750000
5.750000
6.000000
5.785714
5.960526
5.960526
5.833333
5.750000
6.046875
5.750000
6.100000
6.046875
6.035714
5.916667
5.875000
5.916667
5.913043
6.035714
5.750000
5.750000
5.833333
5.785714
6.000000
5.500000
5.785714
6.107143
5.500000
5.500000
6.211538
6.211538
6.211538
5.913043
5.913043
6.022727
6.035714
6.050000
5.928571
5.928571
5.916667
6.000000
6.125000
5.916667
5.892857
5.926471
5.926471
5.926471
5.659091
5.250000
5.226191
5.226191
5.392857
5.392857
5.392857
7.000000
5.500000
5.437500
5.437500
5.437500
5.900000
5.900000
5.900000
5.900000
5.519231
5.519231
5.343750
5.519231
5.343750
5.343750
5.343750
5.659091
5.343750
5.519231
5.926471
5.892857
5.666667
5.950000
5.883333
5.666667
5.883333
5.650000
5.950000
5.650000
5.950000
5.883333
5.883333
5.650000
5.650000
5.250000
5.926471
5.343750
5.519231
5.343750
5.519231
5.250000
5.343750
5.659091
5.659091
5.250000
5.250000
5.250000
5.250000
5.392857
5.250000
5.250000
5.392857
5.250000
5.250000
5.250000
5.392857
5.392857
5.437500
5.250000
5.250000
5.250000
5.226191
5.226191
5.187500
5.250000
5.150000
5.150000
5.187500
5.226191
5.187500
5.187500
5.226191
5.272727
5.272727
5.125000
5.125000
5.250000
5.250000
5.250000
5.250000
5.250000
5.250000
5.187500
5.272727
5.272727
5.272727
5.187500
5.187500
5.150000
5.000000
5.000000
5.000000
5.000000
5.150000
5.150000
5.187500
5.226191
5.250000
5.226191
5.226191
5.226191
4.321429
3.250000
3.166667
3.000000
3.960526
3.600000
3.607143
3.600000
3.642857
3.642857
3.708333
3.638889
3.642857
3.250000
3.875000
5.875000
5.062500
4.000000
3.708333
3.708333
3.708333
3.607143
3.500000
3.500000
3.500000
3.500000
3.500000
6.333333
5.125000
4.727273
4.275000
4.300000
4.000000
4.000000
4.000000
4.000000
5.125000
4.437500
3.708333
3.708333
3.638889
4.000000
4.000000
4.000000
4.625000
5.423077
3.962500
3.962500
3.962500
3.962500
4.250000
4.250000
4.250000
5.000000
5.125000
4.000000
4.375000
4.250000
4.500000
4.250000
4.500000
4.500000
5.125000
4.300000
4.437500
4.275000
3.642857
3.712963
4.250000
4.250000
4.250000
4.583333
5.107143
4.275000
4.437500
4.275000
4.437500
4.500000
4.500000
4.500000
5.583333
4.583333
5.107143
4.727273
4.727273
4.673077
4.750000
4.500000
4.500000
6.166667
5.500000
4.833333
3.962500
3.962500
3.962500
4.500000
4.500000
4.500000
4.500000
5.416667
4.833333
4.275000
4.275000
4.275000
4.500000
4.500000
4.750000
4.750000
4.583333
5.392857
5.107143
4.750000
5.000000
4.750000
4.750000
4.750000
6.250000
6.031250
5.000000
4.673077
5.062500
5.350000
5.386364
5.386364
5.181818
4.500000
4.500000
6.200000
5.236842
4.673077
4.727273
4.727273
4.833333
4.833333
4.500000
4.500000
4.750000
5.125000
5.107143
5.236842
4.673077
4.673077
4.750000
4.750000
4.750000
4.750000
5.500000
4.673077
5.145833
5.361111
4.833333
4.750000
4.750000
4.750000
5.583333
5.000000
5.950000
5.125000
5.937500
5.312500
5.000000
5.000000
5.000000
7.375000
4.625000
5.392857
5.107143
5.107143
5.000000
5.000000
5.000000
5.000000
4.750000
5.392857
5.236842
5.346154
5.000000
5.145833
5.000000
5.000000
5.000000
5.000000
6.166667
6.200000
5.150000
5.150000
5.566667
5.434210
5.250000
5.250000
5.250000
7.909091
6.442307
5.375000
5.566667
5.566667
5.000000
5.250000
5.250000
7.416667
5.333333
5.566667
5.125000
5.566667
5.566667
5.346154
5.145833
5.125000
5.434210
5.434210
5.454545
5.145833
5.434783
5.145833
5.361111
5.000000
4.944445
5.181818
5.000000
3.962500
3.803571
3.803571
4.300000
4.300000
4.086957
4.086957
4.071429
4.045455
4.071429
4.071429
4.178571
4.375000
4.178571
4.178571
4.178571
4.178571
4.086957
4.071429
4.045455
4.045455
4.100000
3.960526
3.960526
3.960526
3.960526
3.960526
4.071429
4.045455
4.071429
4.086957
4.086957
4.086957
4.086957
4.178571
4.178571
4.086957
4.086957
4.086957
4.300000
4.086957
3.960526
3.960526
3.600000
3.600000
3.607143
3.642857
3.642857
3.642857
4.275000
3.803571
4.275000
3.803571
3.803571
3.803571
3.962500
3.962500
3.962500
3.962500
3.803571
3.803571
3.803571
3.712963
3.712963
3.638889
3.638889
3.712963
3.712963
3.638889
3.638889
3.638889
3.712963
3.712963
3.803571
3.803571
3.962500
3.962500
3.962500
5.000000
5.062500
4.275000
3.803571
3.712963
3.712963
3.712963
3.712963
3.712963
3.712963
3.500000
3.638889
3.638889
3.638889
3.638889
3.638889
3.638889
3.962500
3.803571
3.803571
3.962500
3.962500
3.962500
3.962500
4.071429
4.045455
4.100000
4.041667
3.250000
3.250000
3.250000
3.875000
3.812500
3.250000
3.250000
3.166667
3.166667
3.250000
4.321429
3.750000
3.250000
3.250000
3.250000
4.700000
3.250000
3.250000
3.678571
3.678571
3.678571
3.437500
3.437500
3.437500
3.437500
3.250000
3.583333
3.392857
3.250000
3.392857
3.250000
3.250000
3.392857
3.250000
3.250000
4.333333
3.250000
3.250000
3.250000
3.850000
3.850000
4.571429
4.571429
5.166667
5.333333
4.900000
4.826923
3.714286
4.826923
3.500000
4.826923
4.375000
4.166667
4.166667
4.250000
3.714286
3.714286
4.166667
3.625000
3.250000
3.666667
4.388889
3.937500
4.000000
4.300000
4.300000
4.350000
5.229167
4.321429
4.321429
4.050000
4.656250
4.250000
4.375000
3.750000
4.550000
4.027778
4.375000
4.027778
4.343750
4.343750
3.750000
3.750000
3.694444
3.694444
3.694444
4.027778
4.222222
4.222222
4.250000
4.656250
4.250000
4.050000
4.050000
3.777778
4.222222
4.050000
3.687500
3.687500
3.750000
3.708333
3.750000
3.625000
4.791667
4.300000
3.625000
4.300000
4.666667
3.694444
4.300000
3.708333
3.777778
3.777778
3.863636
3.863636
3.687500
3.812500
3.750000
3.750000
3.812500
3.750000
3.812500
3.750000
3.750000
3.687500
3.750000
3.750000
3.750000
3.750000
3.750000
3.750000
3.708333
3.708333
3.708333
3.708333
3.750000
3.863636
3.863636
3.777778
3.863636
3.750000
3.750000
3.750000
3.750000
3.750000
3.750000
4.750000
5.187500
3.750000
3.812500
4.000000
4.000000
4.000000
4.000000
4.000000
4.250000
6.250000
4.750000
4.500000
4.500000
4.500000
4.750000
8.375000
7.350000
6.650000
6.666667
5.250000
5.166667
5.000000
5.250000
5.250000
6.125000
6.850000
6.892857
5.500000
5.750000
6.250000
6.250000
7.083333
7.250000
6.250000
7.916667
6.250000
6.250000
6.250000
6.250000
6.250000
6.250000
6.750000
7.312500
6.125000
6.750000
6.750000
6.750000
6.750000
6.750000
7.000000
6.650000
7.000000
7.000000
6.750000
6.250000
6.250000
6.750000
7.250000
6.650000
6.892857
7.000000
7.000000
7.000000
7.000000
8.312500
8.666667
7.250000
7.000000
7.000000
7.000000
7.000000
7.000000
7.916667
7.250000
8.750000
7.250000
7.250000
7.250000
7.250000
7.250000
7.250000
7.583333
7.750000
7.700000
7.500000
7.500000
7.625000
7.625000
7.500000
7.750000
7.700000
7.687500
7.750000
7.750000
7.625000
7.625000
7.750000
8.000000
8.000000
8.000000
7.750000
7.750000
7.750000
7.750000
7.750000
8.000000
8.000000
8.000000
8.000000
7.750000
7.750000
7.750000
7.750000
8.000000
7.916667
6.500000
6.375000
7.750000
7.750000
7.750000
8.000000
8.000000
8.000000
7.750000
7.750000
7.750000
7.750000
7.750000
8.000000
8.125000
8.000000
8.000000
8.000000
8.000000
8.000000
8.000000
8.250000
8.125000
8.250000
8.250000
8.000000
8.000000
8.250000
8.000000
8.250000
8.250000
8.250000
8.250000
8.250000
8.250000
8.250000
8.250000
8.500000
8.375000
8.250000
8.250000
8.250000
8.250000
8.250000
8.250000
8.250000
8.375000
8.250000
7.250000
8.000000
8.000000
8.000000
8.000000
8.000000
8.000000
7.666667
8.250000
8.100000
8.100000
7.916667
7.916667
7.875000
7.875000
7.916667
7.750000
6.250000
7.750000
5.583333
6.333333
6.333333
7.250000
6.200000
7.000000
7.000000
6.200000
6.200000
6.750000
6.750000
7.000000
6.625000
6.625000
7.279412
6.750000
6.442307
7.279412
6.442307
6.442307
6.442307
6.442307
7.279412
7.075000
6.843750
6.843750
6.687500
6.416667
6.656250
6.656250
6.216667
6.416667
6.216667
6.216667
6.458333
6.216667
5.375000
5.333333
5.700000
5.857143
5.500000
5.857143
5.857143
5.000000
5.125000
5.700000
5.700000
5.125000
6.031250
5.700000
5.700000
5.236842
5.236842
5.423077
5.329545
5.423077
5.434783
5.434783
5.236842
5.236842
5.329545
5.125000
5.329545
5.333333
5.333333
5.250000
5.250000
5.333333
5.700000
5.250000
5.150000
5.375000
5.333333
5.500000
5.416667
5.250000
6.125000
5.125000
5.416667
5.236842
5.423077
5.329545
5.236842
5.125000
5.454545
5.434210
5.434210
5.454545
5.166667
5.166667
5.788462
5.454545
5.150000
5.150000
5.375000
5.833333
6.875000
5.166667
5.788462
5.166667
5.434210
5.329545
5.434783
5.187500
5.014706
4.944445
5.384615
4.944445
5.014706
5.187500
5.187500
5.014706
5.000000
5.125000
5.329545
5.434783
5.434783
5.125000
5.434783
5.329545
5.434783
5.329545
5.125000
5.125000
5.423077
5.125000
5.000000
5.346154
5.187500
5.014706
5.014706
5.014706
5.187500
5.000000
5.000000
5.000000
5.187500
5.000000
5.014706
4.944445
5.384615
5.250000
6.312500
5.166667
5.166667
5.991071
5.991071
5.991071
5.788462
5.384615
5.250000
4.875000
4.870000
4.571429
4.500000
4.500000
4.500000
4.500000
4.083333
4.870000
4.703125
4.571429
4.870000
4.870000
4.870000
4.571429
4.870000
4.125000
4.703125
4.571429
4.571429
4.571429
5.343750
4.875000
5.343750
4.571429
4.214286
4.090909
4.214286
4.214286
4.138889
4.025000
4.138889
4.138889
4.138889
4.138889
4.250000
4.187500
4.187500
4.125000
4.125000
4.703125
4.870000
4.875000
4.870000
4.703125
4.571429
4.571429
4.090909
4.083333
4.025000
4.090909
4.214286
4.090909
4.090909
4.090909
4.090909
4.025000
4.138889
4.214286
4.090909
4.025000
4.025000
4.138889
4.125000
4.187500
4.125000
4.703125
4.125000
4.187500
4.125000
4.125000
4.138889
4.214286
4.083333
3.875000
3.875000
4.000000
3.916667
4.000000
4.000000
4.000000
4.000000
4.025000
4.090909
4.090909
4.138889
4.025000
4.090909
4.214286
4.083333
4.083333
4.571429
4.571429
4.571429
4.870000
4.703125
4.025000
4.025000
4.025000
4.083333
4.000000
3.916667
4.000000
3.767857
3.767857
3.767857
3.767857
3.767857
3.916667
3.767857
3.767857
3.875000
3.750000
4.035714
4.035714
4.416667
4.416667
4.035714
3.750000
3.750000
3.875000
3.750000
3.750000
3.750000
3.750000
3.750000
3.767857
3.767857
3.767857
3.767857
3.700000
3.700000
3.700000
3.700000
3.767857
3.767857
3.767857
3.700000
3.803571
3.687500
4.312500
3.964286
3.687500
3.687500
3.964286
3.750000
3.750000
3.750000
3.750000
3.687500
3.964286
4.000000
3.803571
3.750000
3.750000
4.166667
3.750000
3.500000
3.803571
3.500000
3.803571
3.803571
4.000000
4.000000
3.500000
5.142857
5.142857
4.000000
4.000000
4.000000
4.166667
4.000000
4.000000
3.625000
4.000000
4.250000
4.000000
4.000000
4.000000
4.000000
4.000000
4.000000
4.000000
4.000000
4.000000
4.000000
4.062500
4.062500
4.062500
4.428571
4.062500
4.000000
4.000000
5.083333
4.000000
4.250000
4.250000
4.500000
4.500000
4.500000
6.500000
6.375000
5.000000
5.000000
5.000000
5.250000
5.250000
5.500000
5.500000
5.750000
5.750000
5.750000
6.000000
6.000000
6.000000
6.250000
6.250000
6.250000
6.750000
6.750000
6.750000
6.750000
6.750000
7.000000
7.000000
7.250000
7.500000
7.500000
7.500000
7.500000
7.500000
7.750000
7.750000
7.750000
7.750000
8.000000
8.000000
8.250000
8.000000
8.250000
8.250000
8.250000
8.250000
8.250000
8.750000
8.500000
8.500000
8.750000
8.750000
8.750000
8.750000
9.000000
9.000000
9.250000
8.583333
9.000000
9.000000
9.000000
9.250000
9.250000
9.250000
9.250000
9.500000
9.500000
9.500000
9.500000
9.500000
9.500000
9.500000
9.500000
9.500000
10.000000
9.750000
10.125000
9.900000
9.750000
10.333333
9.750000
10.500000
10.000000
10.250000
10.250000
10.000000
10.000000
10.250000
10.250000
10.250000
10.250000
10.625000
10.500000
10.125000
10.500000
10.500000
10.625000
10.333333
10.500000
10.750000
10.750000
12.250000
10.750000
10.083333
9.900000
10.625000
10.333333
10.500000
10.625000
11.000000
11.000000
11.000000
11.000000
11.000000
11.250000
11.250000
11.250000
11.250000
11.500000
11.500000
11.250000
11.833333
12.000000
11.833333
11.500000
11.500000
11.750000
12.312500
11.750000
12.125000
11.833333
12.000000
11.833333
12.125000
12.000000
12.000000
12.000000
12.000000
12.000000
12.000000
12.000000
12.000000
12.000000
12.000000
11.750000
12.312500
12.250000
12.250000
12.250000
12.000000
11.833333
12.500000
12.583333
13.083333
12.312500
12.125000
12.250000
11.833333
12.000000
12.500000
12.500000
12.583333
13.166667
12.312500
12.750000
12.625000
12.625000
12.500000
12.125000
12.750000
12.750000
12.750000
13.000000
12.750000
12.625000
12.625000
13.333333
12.750000
12.500000
12.583333
13.000000
13.000000
13.000000
13.000000
12.750000
12.500000
12.250000
11.250000
8.375000
11.750000
11.500000
11.250000
10.000000
8.916667
8.416667
8.750000
8.500000
9.600000
9.500000
9.250000
9.000000
9.250000
8.750000
9.000000
8.500000
7.000000
8.250000
8.125000
8.000000
7.750000
8.000000
7.416667
7.750000
7.000000
5.900000
7.375000
7.375000
5.950000
6.821429
6.821429
5.659091
5.926471
5.926471
5.926471
6.821429
5.892857
5.883333
5.883333
5.883333
5.666667
7.000000
6.400000
6.400000
6.250000
6.937500
6.583333
6.583333
5.928571
6.300000
6.375000
6.375000
6.300000
6.291667
6.291667
6.291667
6.050000
6.107143
6.375000
5.913043
5.750000
6.100000
5.875000
6.000000
5.916667
6.000000
5.916667
5.916667
6.022727
5.913043
5.916667
5.916667
5.913043
6.022727
6.046875
6.046875
6.100000
6.046875
5.960526
6.250000
5.960526
6.250000
6.250000
6.250000
5.960526
6.250000
6.046875
5.960526
5.960526
5.913043
5.913043
6.022727
5.913043
5.916667
6.022727
5.916667
5.913043
5.913043
5.960526
6.046875
5.833333
6.100000
6.250000
6.250000
5.750000
5.750000
6.000000
5.785714
5.960526
5.960526
5.833333
5.750000
6.046875
5.750000
6.100000
6.046875
6.035714
5.916667
5.875000
5.916667
5.913043
6.035714
5.750000
5.750000
5.833333
5.785714
6.000000
5.500000
5.785714
6.107143
5.500000
5.500000
6.211538
6.211538
6.211538
5.913043
5.913043
6.022727
6.035714
6.050000
5.928571
5.928571
5.916667
6.000000
6.125000
5.916667
5.892857
5.926471
5.926471
5.926471
5.659091
5.250000
5.226191
5.226191
5.392857
5.392857
5.392857
7.000000
5.500000
5.437500
5.437500
5.437500
5.900000
5.900000
5.900000
5.900000
5.519231
5.519231
5.343750
5.519231
5.343750
5.343750
5.343750
5.659091
5.343750
5.519231
5.926471
5.892857
5.666667
5.950000
5.883333
5.666667
5.883333
5.650000
5.950000
5.650000
5.950000
5.883333
5.883333
5.650000
5.650000
5.250000
5.926471
5.343750
5.519231
5.343750
5.519231
5.250000
5.343750
5.659091
5.659091
5.250000
5.250000
5.250000
5.250000
5.392857
5.250000
5.250000
5.392857
5.250000
5.250000
5.250000
5.392857
5.392857
5.437500
5.250000
5.250000
5.250000
5.226191
5.226191
5.187500
5.250000
5.150000
5.150000
5.187500
5.226191
5.187500
5.187500
5.226191
5.272727
5.272727
5.125000
5.125000
5.250000
5.250000
5.250000
5.250000
5.250000
5.250000
5.187500
5.272727
5.272727
5.272727
5.187500
5.187500
5.150000
5.000000
5.000000
5.000000
5.000000
5.150000
5.150000
5.187500
5.226191
5.250000
5.226191
5.226191
5.226191
6.000000
6.000000
6.500000
6.000000
6.000000
6.000000
6.000000
6.000000
6.000000
6.416667
6.416667
6.333333
6.833333
7.150000
6.625000
6.625000
6.500000
6.500000
6.250000
5.750000
6.916667
6.500000
6.125000
6.562500
6.666667
6.166667
6.166667
6.687500
6.166667
7.416667
7.750000
6.500000
6.250000
6.000000
6.100000
6.000000
6.000000
6.000000
6.000000
6.000000
6.100000
6.166667
6.166667
6.000000
6.250000
6.875000
6.625000
6.750000
6.100000
6.166667
6.166667
6.250000
6.250000
6.166667
6.166667
6.166667
6.166667
6.166667
6.100000
6.000000
6.100000
6.687500
6.750000
6.833333
6.250000
6.250000
6.250000
6.000000
6.250000
6.250000
6.250000
6.250000
6.250000
6.250000
6.250000
6.250000
7.500000
6.750000
7.357143
6.750000
6.750000
7.625000
7.625000
10.125000
7.250000
7.687500
7.250000
7.250000
7.250000
7.250000
7.250000
7.500000
7.750000
7.750000
7.750000
7.750000
8.583333
7.583333
8.000000
7.700000
8.000000
7.687500
8.000000
8.250000
8.250000
8.250000
9.900000
10.083333
8.750000
8.750000
8.750000
9.000000
9.000000
9.000000
9.000000
9.000000
9.000000
9.000000
9.250000
9.250000
9.250000
9.250000
9.000000
9.250000
9.250000
9.250000
9.250000
9.250000
9.250000
9.250000
9.250000
9.250000
9.250000
9.250000
9.250000
9.250000
9.250000
9.250000
9.375000
9.250000
9.250000
9.250000
9.500000
11.250000
8.312500
9.500000
9.375000
9.500000
9.500000
9.500000
9.750000
7.916667
8.312500
9.750000
9.500000
9.750000
9.750000
9.750000
9.750000
7.250000
7.312500
9.500000
9.500000
9.750000
9.750000
9.750000
7.083333
9.750000
9.750000
9.750000
9.750000
9.750000
9.750000
9.750000
10.000000
10.000000
10.000000
10.125000
10.000000
10.000000
10.000000
10.000000
10.000000
10.250000
10.250000
10.125000
10.000000
10.000000
10.250000
10.250000
10.250000
10.250000
10.500000
10.250000
10.250000
10.250000
10.250000
10.250000
10.250000
10.250000
10.500000
10.625000
10.250000
10.250000
10.500000
10.500000
10.500000
10.500000
10.500000
10.500000
10.500000
10.500000
10.500000
10.500000
10.500000
10.500000
10.500000
10.500000
10.500000
10.500000
10.500000
10.500000
10.500000
10.500000
10.500000
10.500000
10.500000
10.500000
10.750000
10.750000
10.750000
10.750000
10.750000
10.750000
10.750000
10.750000
10.750000
10.750000
10.750000
10.750000
10.750000
10.750000
10.750000
10.750000
10.750000
10.750000
10.750000
10.750000
10.750000
10.750000
10.750000
9.250000
10.750000
10.750000
10.750000
10.750000
10.750000
10.625000
10.750000
10.750000
10.750000
10.750000
10.750000
10.750000
10.750000
10.750000
10.750000
10.750000
10.750000
10.750000
10.750000
10.625000
10.625000
10.750000
10.625000
10.750000
10.750000
10.750000
10.750000
10.750000
10.583333
9.000000
10.500000
10.500000
10.750000
10.750000
10.750000
10.750000
10.750000
10.750000
10.625000
10.583333
10.500000
10.583333
8.625000
10.250000
10.250000
10.500000
10.125000
8.875000
10.125000
9.208333
9.208333
9.250000
9.250000
9.250000
9.100000
9.250000
8.750000
9.208333
9.250000
9.100000
9.125000
9.250000
9.100000
9.250000
8.750000
8.750000
9.125000
9.208333
8.500000
8.312500
8.500000
8.500000
8.625000
8.625000
8.214286
8.500000
8.625000
8.166667
9.100000
9.100000
8.750000
8.500000
8.500000
9.208333
8.625000
8.625000
8.214286
8.214286
8.166667
8.166667
8.214286
8.625000
8.250000
8.312500
8.312500
8.500000
9.250000
9.208333
8.500000
8.750000
8.750000
8.250000
8.250000
8.500000
8.500000
8.250000
8.250000
8.250000
8.312500
8.214286
8.166667
8.125000
8.166667
8.187500
8.125000
8.166667
8.250000
8.166667
8.187500
8.125000
8.187500
8.187500
8.000000
7.750000
7.750000
8.000000
7.750000
8.000000
8.000000
8.000000
8.000000
8.000000
8.000000
8.000000
8.000000
8.000000
8.000000
8.000000
8.000000
8.125000
8.125000
7.916667
7.916667
7.916667
8.000000
8.750000
8.000000
8.000000
8.000000
8.916667
8.916667
8.000000
8.916667
8.000000
8.000000
8.916667
8.750000
8.750000
8.416667
8.750000
9.062500
7.750000
7.750000
7.875000
7.875000
6.650000
7.350000
7.350000
7.750000
10.000000
9.375000
9.375000
8.500000
8.500000
8.500000
8.416667
9.600000
9.062500
9.000000
6.650000
6.650000
7.750000
6.892857
6.892857
7.750000
7.750000
6.850000
6.850000
6.850000
6.892857
7.750000
7.750000
6.000000
7.750000
7.750000
7.750000
7.700000
7.700000
7.500000
7.750000
7.750000
7.700000
7.700000
7.750000
7.875000
7.321429
7.357143
7.454545
7.687500
7.500000
7.022727
7.022727
7.375000
7.500000
7.392857
7.392857
7.392857
7.250000
7.392857
7.392857
7.392857
7.500000
7.454545
7.454545
7.687500
7.550000
7.194445
7.375000
7.500000
7.375000
7.500000
7.194445
7.500000
7.194445
7.392857
7.392857
7.392857
7.392857
7.392857
7.454545
7.454545
7.321429
7.700000
7.156250
7.156250
7.250000
7.250000
7.250000
7.156250
6.666667
7.250000
7.250000
7.454545
7.321429
7.321429
7.321429
7.357143
7.454545
7.454545
7.250000
7.250000
7.166667
7.166667
7.166667
7.275000
7.275000
7.250000
7.250000
7.166667
7.166667
7.454545
7.357143
7.321429
7.357143
7.357143
7.250000
7.250000
7.166667
7.250000
7.166667
7.550000
7.194445
7.194445
7.500000
6.937500
6.916667
6.916667
6.937500
7.392857
7.250000
7.454545
7.321429
7.083333
6.666667
7.083333
7.083333
7.166667
7.250000
6.666667
7.166667
7.022727
7.166667
7.250000
7.250000
6.666667
6.666667
7.250000
7.083333
7.083333
7.156250
7.156250
7.156250
7.156250
7.000000
7.000000
7.156250
6.833333
6.666667
7.250000
7.250000
7.250000
7.250000
6.666667
7.250000
7.250000
7.083333
7.083333
6.666667
7.083333
7.083333
6.833333
6.916667
6.687500
6.464286
6.750000
6.750000
7.194445
7.022727
7.275000
7.022727
7.550000
7.194445
7.022727
7.550000
7.194445
7.375000
7.375000
6.625000
6.950000
6.950000
6.950000
7.000000
7.000000
6.928571
6.916667
7.500000
7.194445
7.022727
7.022727
7.275000
7.275000
7.166667
7.250000
7.166667
7.166667
6.916667
6.916667
6.464286
6.464286
6.687500
6.464286
6.750000
7.275000
7.022727
7.022727
7.022727
7.275000
7.166667
7.166667
7.166667
7.166667
7.166667
6.750000
6.750000
6.464286
6.750000
6.687500
6.750000
6.950000
